0000000069     0.515120          2650.00         8.000000E-04
**********     0.515120          2650.00         8.000000E-04
**********     0.515120          2650.00         8.000000E-04
**********     0.515120          2650.00         8.000000E-04
**********     0.515120          2650.00         8.000000E-04
**********     0.515120          2650.00         8.000000E-04
**********     0.515120          2650.00         8.000000E-04
**********     0.515120          2650.00         8.000000E-04
**********     0.515120          2650.00         8.000000E-04
**********     0.515120          2650.00         8.000000E-04
**********     0.515120          2650.00         8.000000E-04
**********     0.515120          2650.00         8.000000E-04
**********     0.515120          2650.00         8.000000E-04
**********     0.515120          2650.00         8.000000E-04
**********     0.515120          2650.00         8.000000E-04
**********     0.515120          2650.00         8.000000E-04
**********     0.515120          2650.00         8.000000E-04
**********     0.515120          2650.00         8.000000E-04
**********     0.515120          2650.00         8.000000E-04
**********     0.515120          2650.00         8.000000E-04
**********     0.515120          2650.00         8.000000E-04
**********     0.515120          2650.00         8.000000E-04
**********     0.515120          2650.00         8.000000E-04
**********     0.515120          2650.00         8.000000E-04
**********     0.515120          2650.00         8.000000E-04
**********     0.515120          2650.00         8.000000E-04
**********     0.515120          2650.00         8.000000E-04
**********     0.515120          2650.00         8.000000E-04
**********     0.515120          2650.00         8.000000E-04
**********     0.515120          2650.00         8.000000E-04
**********     0.515120          2650.00         8.000000E-04
**********     0.515120          2650.00         8.000000E-04
**********     0.515120          2650.00         8.000000E-04
**********     0.515120          2650.00         8.000000E-04
**********     0.515120          2650.00         8.000000E-04
**********     0.515120          2650.00         8.000000E-04
**********     0.515120          2650.00         8.000000E-04
**********     0.515120          2650.00         8.000000E-04
**********     0.515120          2650.00         8.000000E-04
**********     0.515120          2650.00         8.000000E-04
**********     0.515120          2650.00         8.000000E-04
**********     0.515120          2650.00         8.000000E-04
**********     0.515120          2650.00         8.000000E-04
**********     0.515120          2650.00         8.000000E-04
**********     0.515120          2650.00         8.000000E-04
**********     0.515120          2650.00         8.000000E-04
**********     0.515120          2650.00         8.000000E-04
**********     0.515120          2650.00         8.000000E-04
**********     0.515120          2650.00         8.000000E-04
**********     0.515120          2650.00         8.000000E-04
**********     0.515120          2650.00         8.000000E-04
**********     0.515120          2650.00         8.000000E-04
**********     0.515120          2650.00         8.000000E-04
**********     0.515120          2650.00         8.000000E-04
**********     0.515120          2650.00         8.000000E-04
**********     0.515120          2650.00         8.000000E-04
**********     0.515120          2650.00         8.000000E-04
**********     0.515120          2650.00         8.000000E-04
**********     0.515120          2650.00         8.000000E-04
**********     0.515120          2650.00         8.000000E-04
**********     0.515120          2650.00         8.000000E-04
**********     0.515120          2650.00         8.000000E-04
**********     0.515120          2650.00         8.000000E-04
**********     0.515120          2650.00         8.000000E-04
**********     0.515120          2650.00         8.000000E-04
**********     0.515120          2650.00         8.000000E-04
**********     0.515120          2650.00         8.000000E-04
**********     0.515120          2650.00         8.000000E-04
